
strategic_region={
	id=133
	name="STRATEGICREGION_133"
	provinces={
		2 12 23 60 62 73 75 81 84 85 93 97 106 112 119 121 129 135 143 150 160 163 164 166 174 175 187 196 208 212 214 223 226 231 232 236 246 248 252 256 257 261 269 270 274 275 280 282 283 286 287 288 297 300 301 302 306 313 314 315 324 325 326 328 330 333 335 340 343 344 345 346 350 352 353 354 356 357 366 367 368 371 376 378 380 382 384 387 392 396 397 398 401 413 433 437 457 471 473 483 487 510 518 534 544 558 578 579 580 2996 2999 3004 3017 3035 3056 3057 3066 3077 3079 3085 3087 3091 3099 3101 3112 3116 3124 3135 3143 3154 3157 3160 3163 3164 3167 3175 3176 3186 3190 3196 3197 3199 3202 3210 3215 3220 3221 3224 3226 3235 3236 3240 3245 3246 3247 3250 3257 3259 3261 3263 3266 3268 3269 3275 3276 3278 3279 3285 3290 3291 3292 3297 3302 3303 3304 3306 3308 3313 3315 3316 3317 3318 3321 3322 3323 3327 3332 3333 3334 3335 3339 3343 3344 3345 3346 3347 3349 3352 3356 3358 3360 3361 3362 3364 3370 3371 3372 3376 3377 3383 3387 3389 3390 3391 3426 3431 3465 3469 3477 3492 3504 3518 3527 3529 3539 3554 3555 3566 3567 3578 3580 3582 6017 6022 6056 6073 6077 6091 6097 6100 6101 6110 6112 6113 6119 6122 6135 6143 6149 6158 6167 6180 6182 6189 6190 6203 6213 6215 6226 6230 6231 6242 6243 6245 6247 6248 6252 6254 6262 6264 6269 6273 6275 6279 6283 6284 6290 6291 6293 6294 6295 6299 6302 6303 6304 6305 6307 6315 6316 6317 6327 6328 6329 6330 6333 6337 6341 6343 6346 6348 6353 6355 6356 6358 6362 6365 6366 6367 6369 6370 6374 6380 6382 6386 6387 6391 6392 6394 6396 6398 6400 6403 6409 6410 6411 6414 6428 6432 6450 6454 6477 6481 6492 6494 6506 6517 6528 6539 6543 6553 6563 6577 6587 6591 6602 6603 9033 9043 9046 9065 9102 9110 9113 9122 9124 9131 9133 9136 9144 9159 9168 9172 9180 9188 9199 9200 9202 9207 9210 9222 9235 9242 9245 9253 9256 9257 9258 9260 9261 9265 9266 9267 9272 9273 9276 9278 9280 9282 9286 9287 9291 9298 9301 9302 9305 9311 9312 9313 9318 9324 9325 9326 9328 9330 9333 9338 9339 9343 9344 9345 9348 9351 9352 9353 9355 9356 9358 9360 9366 9367 9368 9376 9378 9380 9381 9382 9384 9386 9389 9390 9394 9395 9399 9402 9407 9409 9411 9422 9424 9436 9448 9449 9460 9464 9475 9489 9502 9504 9518 9529 9542 9552 9564 9579 11027 11035 11036 11039 11062 11075 11083 11084 11086 11093 11095 11099 11103 11107 11110 11131 11134 11143 11154 11158 11165 11166 11168 11177 11180 11189 11192 11205 11213 11214 11217 11224 11227 11229 11235 11236 11239 11240 11242 11244 11248 11250 11252 11254 11258 11259 11262 11263 11268 11269 11272 11275 11277 11282 11283 11284 11286 11290 11294 11295 11296 11298 11300 11308 11309 11310 11314 11315 11323 11324 11325 11326 11330 11335 11336 11337 11338 11340 11344 11347 11349 11351 11353 11362 11363 11364 11368 11369 11373 11375 11379 11381 11384 11387 11393 11394 11396 11408 11412 11423 11436 11439 11449 11451 11475 11485 11500 11512 11526 11540 11551 11555 13128 13129 
	}
	weather={
		period={
			between={ 0.0 30.0 }
			temperature={ -26.0 1.0 }
			no_phenomenon=0.200
			rain_light=0.050
			rain_heavy=0.000
			snow=0.600
			blizzard=0.100
			arctic_water=0.000
			mud=1.600
			sandstorm=0.000
			min_snow_level=0.000
		}
		period={
			between={ 0.1 27.1 }
			temperature={ -26.0 2.0 }
			no_phenomenon=0.350
			rain_light=0.050
			rain_heavy=0.000
			snow=0.550
			blizzard=0.100
			arctic_water=0.000
			mud=1.600
			sandstorm=0.000
			min_snow_level=0.000
		}
		period={
			between={ 0.2 30.2 }
			temperature={ -16.0 3.0 }
			no_phenomenon=0.400
			rain_light=0.100
			rain_heavy=0.000
			snow=0.400
			blizzard=0.100
			arctic_water=0.000
			mud=1.600
			sandstorm=0.000
			min_snow_level=0.000
		}
		period={
			between={ 0.3 29.3 }
			temperature={ -4.0 15.0 }
			no_phenomenon=0.450
			rain_light=0.300
			rain_heavy=0.050
			snow=0.300
			blizzard=0.000
			arctic_water=0.000
			mud=1.600
			sandstorm=0.000
			min_snow_level=0.000
		}
		period={
			between={ 0.4 30.4 }
			temperature={ 3.0 22.0 }
			no_phenomenon=0.500
			rain_light=0.250
			rain_heavy=0.150
			snow=0.100
			blizzard=0.000
			arctic_water=0.000
			mud=1.600
			sandstorm=0.000
			min_snow_level=0.000
		}
		period={
			between={ 0.5 29.5 }
			temperature={ 8.0 27.0 }
			no_phenomenon=0.500
			rain_light=0.200
			rain_heavy=0.100
			snow=0.000
			blizzard=0.000
			arctic_water=0.000
			mud=1.600
			sandstorm=0.000
			min_snow_level=0.000
		}
		period={
			between={ 0.6 30.6 }
			temperature={ 10.0 29.0 }
			no_phenomenon=0.450
			rain_light=0.200
			rain_heavy=0.100
			snow=0.000
			blizzard=0.000
			arctic_water=0.000
			mud=1.600
			sandstorm=0.000
			min_snow_level=0.000
		}
		period={
			between={ 0.7 30.7 }
			temperature={ 9.0 27.0 }
			no_phenomenon=0.450
			rain_light=0.350
			rain_heavy=0.100
			snow=0.000
			blizzard=0.000
			arctic_water=0.000
			mud=1.600
			sandstorm=0.000
			min_snow_level=0.000
		}
		period={
			between={ 0.8 29.8 }
			temperature={ 4.0 21.0 }
			no_phenomenon=0.350
			rain_light=0.350
			rain_heavy=0.150
			snow=0.050
			blizzard=0.000
			arctic_water=0.000
			mud=1.600
			sandstorm=0.000
			min_snow_level=0.000
		}
		period={
			between={ 0.9 30.9 }
			temperature={ -6.0 14.0 }
			no_phenomenon=0.200
			rain_light=0.250
			rain_heavy=0.150
			snow=0.400
			blizzard=0.050
			arctic_water=0.000
			mud=1.600
			sandstorm=0.000
			min_snow_level=0.000
		}
		period={
			between={ 0.10 29.10 }
			temperature={ -13.0 7.0 }
			no_phenomenon=0.200
			rain_light=0.100
			rain_heavy=0.000
			snow=0.600
			blizzard=0.100
			arctic_water=0.000
			mud=1.600
			sandstorm=0.000
			min_snow_level=0.000
		}
		period={
			between={ 0.11 30.11 }
			temperature={ -22.0 4.0 }
			no_phenomenon=0.200
			rain_light=0.050
			rain_heavy=0.000
			snow=0.600
			blizzard=0.100
			arctic_water=0.000
			mud=1.600
			sandstorm=0.000
			min_snow_level=0.100
		}
	}
}
