
strategic_region={
	id=293
	name="STRATEGICREGION_293"
	provinces={
		233 277 358 406 422 438 491 513 535 536 560 572 1223 1272 1675 1697 1780 1837 3281 3309 3320 3366 3392 3393 3412 3483 3496 3556 3562 3743 4250 4277 4467 4488 4687 4743 4744 4764 4785 4831 4842 6280 6306 6340 6359 6413 6415 6431 6435 6460 6483 6520 6546 6557 6579 7425 7701 7707 7805 7863 9236 9274 9295 9304 9341 9359 9425 9454 9468 9558 10179 10187 10218 10220 10268 10277 10408 10561 10576 10584 10631 10653 10705 11285 11341 11342 11391 11427 11441 11479 11503 11528 11543 11550 12111 12194 12266 12581 12595 12655 12666 14331 14337 14371 14375 14376 14382 14386 14638 14645 14646 14659 14666 14672 
	}
	weather={
	}
}
