2 7 321 293 14374 9388 3340 349 6282 
2 8 11372 13447 9361 13446 9334 13445 6334 6282 
1 6 362 13451 3380 6402 11265 6332 
1 5 6332 11265 6402 14370 6375 
3 9 6282 3207 11444 6521 3499 9456 11545 13365 514 
2 8 6521 13881 375 13882 11219 14355 11276 321 
3 4 6521 3499 13375 3522 
1 5 3522 9375 13376 526 6377 
1 5 9347 6325 13384 6263 6377 
2 4 9347 13885 13886 6389 
3 11 9570 552 14325 14326 14327 3572 9496 14340 14332 11505 6521 
2 4 6282 3207 14338 14340 
1 6 11366 13889 3231 3368 13888 9347 
1 5 3326 3271 13381 13377 6377 
2 4 9347 6325 6349 3326 
1 3 3326 336 241 
1 9 6469 3512 6622 13508 9281 11264 13518 11360 241 
1 3 587 13494 6469 
3 3 495 13500 6469 
1 3 495 6535 11388 
1 4 11388 247 309 3326 
1 7 495 6535 9509 405 13509 13377 6377 
1 5 6469 13494 6570 529 11494 
2 5 11494 13480 13474 9575 11531 
3 4 11494 13486 13485 6488 
2 8 6488 13485 11560 11547 13464 9575 11531 3629 
3 6 9517 11486 3530 6542 589 6488 
2 8 11531 9575 13464 563 3558 3530 11486 9517 
3 3 11499 14643 9517 
2 3 708 3690 11499 
1 4 692 6693 9666 708 
1 3 9515 3705 692 
2 5 3692 11486 9517 13851 3530 
1 5 9655 14622 14621 694 3692 
1 5 692 6693 9666 14627 9655 
1 3 11499 3690 9655 
3 7 6488 13485 6444 9547 3398 13499 495 
2 4 9515 14665 561 11544 
1 3 692 9652 707 
1 5 707 3688 6725 14649 9515 
2 5 11499 14655 6540 14662 11544 
2 7 6488 13477 6581 9557 14681 14677 11544 
1 6 3561 13496 9524 6549 3524 6488 
3 6 3561 13368 425 13370 11468 3522 
1 2 3561 564 
1 4 495 13501 11533 564 
1 5 564 3355 13509 13377 6377 
1 5 6488 3524 6549 9524 564 
1 7 3561 13368 425 13370 13367 6582 3535 
1 3 514 11481 3535 
1 5 3535 6582 9560 6487 3522 
2 7 11544 14700 11404 14707 9497 6501 3535 
1 6 11372 13452 11343 13453 9263 362 
1 20 6332 11265 6402 3380 13451 362 9263 13453 13448 9306 13442 13438 13441 9277 13435 6390 13433 3207 11444 6521 
1 11 6332 14205 14206 395 14207 3384 14208 11312 3272 14383 6296 
1 4 3320 14379 327 6296 
3 16 3151 149 79 3072 6035 6086 9111 187 2999 11315 3215 6245 11250 3358 11282 6380 
2 4 758 11710 9689 6734 
2 7 11805 3861 13292 799 6924 13296 9817 
1 8 11805 13287 11768 970 980 3866 3790 6880 
2 3 11677 9689 6734 
1 3 758 14501 11677 
1 4 9824 6927 854 9764 
2 8 6906 9896 6817 3873 6966 6812 14091 9764 
1 4 6906 6959 9889 4098 
1 2 4098 10024 
1 7 10024 10109 4065 12038 12070 11956 1176 
1 4 1176 11956 12070 12038 
2 3 4182 7198 1176 
1 5 7183 13263 4182 13231 9979 
2 3 4182 13263 7183 
1 4 1048 13261 13265 7183 
1 3 4182 13263 7183 
1 3 875 13270 4182 
1 4 875 13267 13263 7183 
2 7 3816 11737 3954 6966 6812 14091 9764 
2 4 3816 9813 11821 915 
2 9 3816 14483 813 9785 14479 6993 3858 14475 3938 
1 7 3816 6878 6903 3902 11852 13233 740 
1 5 740 13233 11852 14494 885 
1 7 3938 9767 3794 3820 11809 9846 11825 
1 4 11825 14485 6936 885 
1 10 11825 3920 14499 14505 14503 11843 729 9719 13218 11707 
1 8 11825 3920 6746 726 13219 11843 14496 11677 
1 5 11707 6749 9703 11688 740 
2 6 13230 9925 931 6954 7098 7183 
1 7 13230 9839 9917 11820 896 14474 3938 
1 9 1176 13266 4095 13273 13278 3953 11863 6914 3938 
2 4 11825 918 6907 6867 
1 6 13230 9839 14473 9770 14477 6867 
1 6 9817 13295 889 845 13221 6867 
1 7 11805 13287 924 3926 13290 9877 13230 
2 4 10024 1093 9903 832 
1 5 4098 14078 14080 14081 832 
1 6 3938 6914 11863 3953 11812 832 
2 4 875 3810 3930 6948 
1 5 6948 985 11780 6866 13230 
1 5 6948 9881 13229 13291 3938 
1 7 3938 14475 3858 6993 9852 6879 3945 
1 8 6906 3799 3891 3945 9933 948 11737 3816 
2 6 3325 3260 13900 6393 6287 13901 
1 5 6364 13908 6235 13914 394 
1 6 9335 13519 11318 13518 11360 241 
1 2 9335 6336 
2 5 6469 3512 9363 13506 6241 
3 2 6241 391 
1 2 3314 391 
1 5 6241 6286 13515 13517 6336 
3 3 391 13507 9498 
1 2 9498 3262 
1 2 3262 6598 
3 2 6598 516 
2 5 11519 11562 9522 13497 587 
1 3 11519 13068 516 
2 5 6583 11435 11470 13484 11494 
2 2 11494 587 
1 2 9559 6583 
1 4 516 13081 6446 6560 
1 5 516 13081 6446 3576 575 
1 3 11483 575 11548 
1 6 11506 9534 13357 6569 11563 485 
2 5 11420 454 6585 13335 11506 
1 4 11548 9500 13482 11420 
1 4 11563 13359 13360 9434 
2 7 11506 13334 14658 3549 13356 13359 11563 
2 10 6449 13358 3579 11535 6599 9578 3549 14658 13334 11506 
2 4 11506 9523 9507 512 
2 4 512 14626 6533 3671 
2 13 9495 11465 13338 11521 503 9478 13457 9492 14614 6533 14639 13334 11506 
2 7 3552 13349 6572 13350 9525 13341 9495 
2 7 11465 13338 11521 503 9478 9492 3671 
2 8 11465 13337 9510 6536 13340 13342 542 3552 
2 8 3671 14592 11596 629 14563 14557 11582 6657 
2 6 620 14562 11869 11596 14592 3671 
2 10 9737 11565 14541 11582 14557 14563 629 11596 14592 3671 
1 6 9737 11565 14541 595 3598 620 
2 7 9737 11565 11720 14527 6775 11702 6766 
2 3 743 6756 740 
1 6 743 9710 6777 13631 6621 9737 
2 8 6766 3749 11699 13626 3740 11697 13627 743 
2 6 6766 11702 14532 6792 3598 620 
2 4 9824 9853 3946 6960 
1 6 6766 943 14511 6917 3946 6960 
2 8 6960 9898 11877 14521 958 14519 11849 11834 
2 2 11834 911 
2 4 911 14512 3928 9909 
2 4 9909 11891 3772 6788 
2 12 6613 3589 14550 780 14540 762 14530 11713 958 14519 11849 11834 
1 4 3594 11593 14560 6613 
2 8 620 14562 3621 6648 14559 11576 14558 3594 
2 9 6960 9898 11877 14521 14525 14534 11716 11593 3594 
2 6 3594 9609 667 14603 14617 512 
2 6 6613 14560 11794 648 14599 3652 
2 10 11506 11491 13333 6949 14640 9490 14619 680 14612 3652 
2 3 3652 14600 9642 
2 3 9642 6698 698 
2 14 11506 11518 6949 14640 9490 14619 680 14612 3652 14600 9642 6698 698 678 
2 3 678 6529 9503 
2 5 9559 11502 3629 549 9503 
2 5 11506 11518 11549 13463 13011 
2 8 11420 454 6585 13462 9561 11549 13463 13011 
2 3 11531 11502 9559 
2 4 11516 521 6529 9503 
2 14 11506 11518 13333 14640 9490 14619 680 14612 3652 14600 9642 14620 14289 11516 
2 21 6613 3589 14550 780 14540 762 14530 11713 958 14519 11849 11834 911 14512 3928 9909 11891 3772 11723 770 6780 
2 5 6788 3772 11723 770 6780 
2 6 6780 13878 9741 776 14548 3780 
1 7 3780 14548 776 9741 11730 13868 6788 
2 3 678 9638 9620 
2 7 9620 9618 636 3641 14569 9584 3780 
1 3 663 9638 9620 
1 4 3692 13849 13848 663 
1 7 673 9636 6678 14590 14604 11623 663 
1 8 732 9665 3703 6708 14650 6725 14664 9515 
1 6 11666 704 11651 14634 732 9665 
1 5 11666 14628 6690 9679 9648 
1 7 11666 14628 6690 9679 9648 11634 3673 
1 6 732 14634 11651 6690 9679 9648 
2 9 11584 13328 628 6626 13844 6650 9627 13846 11612 
1 4 6626 628 13328 11584 
1 7 3673 11612 13846 9627 6650 13844 6626 
1 5 732 9665 3703 6708 688 
1 6 688 14615 14605 14607 14597 673 
2 7 9620 9618 636 3641 14569 9584 3780 
2 3 603 13324 11584 
2 4 603 3776 969 3780 
2 5 603 14551 6631 9598 11598 
2 7 603 3776 11734 13874 6606 782 13876 
1 7 11584 13324 9582 6793 13876 782 6606 
1 10 6793 13876 782 6606 13874 13875 9752 6790 14548 3780 
2 2 6606 782 
1 5 782 9924 13867 967 925 
2 2 6788 6973 
2 2 9904 11751 
1 5 11751 6862 6875 13859 11833 
1 5 11833 6946 13865 13869 6973 
1 8 6606 13874 13875 13871 13869 13865 1616 9907 
1 7 11751 6862 9750 910 13861 13863 9907 
1 7 9904 13854 9794 13857 6926 13860 925 
1 4 925 9838 13707 6831 
2 4 883 6843 13698 11837 
1 4 883 6939 3966 6831 
2 5 819 13702 9826 13853 11846 
2 2 11846 9904 
1 6 9904 11846 13853 9826 13702 819 
2 12 819 955 13695 851 3968 10027 13691 3901 13689 12066 13685 9990 
1 3 11837 13696 11998 
1 10 9990 13685 12066 13689 12098 13690 13691 10027 9856 11837 
1 3 4159 14101 4014 
2 5 4159 1156 14103 3857 10074 
1 6 11773 11874 11824 14110 9772 6891 
2 6 383 3307 6412 9362 6345 9279 
2 4 11380 11082 161 6050 
2 10 9279 11376 9300 9410 9251 9329 9406 6397 9393 11380 
2 12 383 6331 3286 3375 3063 6188 9209 9109 11188 11082 161 6050 
1 6 9279 11376 6120 11160 11327 11215 
2 5 9483 6229 14306 6360 6296 
2 6 9483 14410 6342 6222 14428 9340 
1 5 9483 3354 14404 6314 9262 
2 7 3320 14382 9295 14386 11342 14397 310 
1 7 310 7482 14412 14422 14421 14429 9340 
2 5 514 6559 11432 14712 11542 
1 4 11467 13390 9567 6590 
1 3 11666 6739 9692 
2 6 9692 14312 9539 3484 14314 11539 
1 4 11539 9551 9567 6590 
1 7 3581 14316 3550 14317 581 14315 11539 
1 8 9692 14290 3716 14288 11679 14297 9690 9660 
1 10 11666 14295 3700 6720 14282 9676 14278 6703 14271 9660 
1 10 9660 14271 14251 14248 11610 14233 9624 3670 9611 11581 
2 5 11581 13670 3654 13846 9627 
1 5 6626 13325 13844 6650 9627 
2 6 9648 14256 596 3654 13846 9627 
2 6 11581 13670 3654 596 14256 9648 
1 7 9660 14271 14251 6670 14236 3623 619 
1 9 11581 13665 624 13660 9595 13661 6647 13662 619 
2 5 11586 13657 11580 3617 619 
1 5 619 3617 11787 14227 9606 
2 4 3601 13659 3592 11581 
1 9 3601 591 13323 11564 599 11735 13322 13325 6626 
1 5 3601 6611 984 3974 3924 
2 5 3882 13766 9906 13775 9602 
1 7 11586 11583 13652 13650 11887 9756 9602 
1 6 11818 10163 936 13811 907 3882 
2 11 11818 10163 3844 13801 3973 3864 976 13686 1109 3988 4109 
2 5 949 13747 11857 11868 9602 
1 9 949 13746 3971 3952 3819 13776 13773 9769 9783 
2 5 6923 13764 13762 13746 949 
2 10 6923 13760 9862 13759 11842 13529 922 13528 13525 9833 
2 3 9617 13551 3663 
1 8 657 13545 6677 13548 13547 11603 13551 9617 
1 16 9617 13551 3663 13566 13573 11655 13579 13583 6747 13594 3741 13602 13606 6761 13619 577 
1 13 9606 14226 3649 14223 11657 13550 3630 6652 11588 13546 13554 3636 9617 
1 13 3663 13559 13568 13571 6695 13567 13565 6679 14229 11622 11639 14250 6711 
1 3 3696 3709 6711 
2 6 3696 9656 11646 11625 14271 9660 
1 6 3696 14274 713 14275 9687 746 
1 8 3581 6586 6604 11691 3548 14299 14286 746 
1 4 9483 3354 14404 6314 
1 5 6332 348 13455 3288 6314 
2 8 9340 14441 9317 11291 3174 3074 14467 3152 
2 6 3152 567 11426 11127 11443 4640 
1 7 4640 126 3120 11186 9097 6174 3151 
1 4 11105 6108 9194 3083 
1 4 3151 3060 9100 9206 
1 5 9206 6082 11056 9183 9073 
1 6 9073 67 9167 6144 9129 11105 
1 6 3320 14376 6340 277 11216 11370 
2 10 362 13451 14367 14364 6347 6259 14344 14339 13415 3544 
2 10 6558 13423 13422 17 13424 11515 13413 13414 9400 3544 
1 10 362 13450 3324 13439 13437 279 3381 13422 13423 6558 
1 2 11467 6464 
1 2 9427 6464 
2 9 3544 13410 467 3482 11532 13391 13389 548 9427 
1 3 6464 9567 6590 
2 10 9427 13469 11413 442 14701 14702 14704 14685 9468 11479 
2 8 3392 6546 11441 422 536 10277 4277 11479 
1 7 3544 524 14336 402 14334 9544 3392 
1 5 6103 11333 13070 3463 3501 
1 4 6103 507 9322 9458 
1 10 6103 507 9322 9458 6489 14159 9562 14161 14157 540 
1 4 6103 14167 14170 3369 
1 6 6103 14167 14170 6221 6270 9297 
1 4 9297 6270 6221 3369 
3 6 6103 11374 14174 221 322 271 
1 3 9297 11345 9315 
1 9 9315 14195 6237 11279 14187 9268 9239 14167 6103 
1 4 3369 6378 11406 377 
1 8 377 11406 6378 6270 14185 7239 3205 6384 
1 6 11297 14204 9269 9379 11471 9315 
1 6 11218 11332 6399 14212 6335 6384 
1 5 9392 11378 14222 11299 351 
1 5 11218 9350 9237 6395 3273 
1 3 9392 9383 3273 
1 5 3273 9383 6300 3150 11136 
1 5 3273 9383 159 11306 9075 
1 4 3379 3242 3359 11293 
1 3 3379 3242 385 
2 7 7394 9284 6313 9310 303 3359 11293 
2 4 11301 13206 290 3392 
2 10 6332 11265 9398 14368 14362 11386 11329 347 9548 11301 
1 4 3393 9520 9548 11301 
1 4 3393 9274 14371 3320 
1 4 11370 11216 9236 9304 
2 5 11301 14348 3281 3309 9304 
2 7 3544 524 14333 12562 14328 3559 11399 
1 9 11399 9521 9452 14720 6580 536 10277 4277 11479 
1 4 3544 13410 6511 3458 
1 9 310 14401 14400 341 3219 6326 6249 9323 11241 
2 4 11234 6293 323 11241 
1 8 11202 9408 9120 3120 11186 9097 6174 3151 
1 10 11234 9331 320 9234 11109 117 3072 79 6174 3151 
1 6 11349 11326 366 9302 11282 6380 
1 6 11234 9287 3235 6367 287 11349 
2 5 11370 216 6292 342 3331 
1 4 306 11290 11220 9241 
1 4 3331 9241 11220 11241 
1 3 3331 342 9289 
1 9 6115 11184 3007 147 69 11070 295 6331 383 
1 7 9096 6151 9036 3094 9204 9103 6115 
1 8 122 6145 65 11198 6184 3094 9204 6115 
1 4 11028 9157 11078 6115 
1 5 11028 9227 11206 9139 3022 
1 7 192 3145 6130 3058 6208 11060 101 
1 7 101 3095 11155 9226 9186 3104 9108 
1 11 9108 6083 6161 9220 11067 118 11185 6063 130 205 3108 
1 10 6050 9149 3182 11091 9117 49 9051 125 9035 3108 
1 4 9197 11068 149 3151 
1 7 9197 70 11059 11153 6057 3084 11159 
1 10 11159 9118 3033 11092 155 11175 6021 94 9195 3189 
1 9 3189 86 3008 9162 3121 6181 9201 11117 3134 
1 8 11105 9129 11172 3025 6138 9038 6013 3122 
1 5 9073 11138 9056 9163 141 
1 15 9340 14441 9317 11291 14452 14454 308 6408 14445 9485 14447 592 14448 415 11202 
2 10 306 3362 6387 9272 3279 11384 366 9302 11282 6380 
2 3 11370 216 3350 
2 2 6373 3350 
1 3 9288 6344 6373 
2 2 6373 9289 
2 7 6373 3293 9249 3507 9568 441 6593 
2 13 6593 11514 3470 6435 6557 572 422 14721 6580 14720 9452 9521 11399 
2 11 476 6429 3457 4376 14331 3483 4250 10179 1223 7425 11479 
2 5 6593 11490 6480 9481 476 
1 11 11301 13206 290 3392 6546 11441 422 536 10277 4277 11479 
2 11 11670 13587 9714 741 754 9576 1239 9423 7332 10161 476 
2 7 525 13793 504 11490 6480 9481 476 
2 12 3686 705 11649 3722 568 9712 6771 11700 6596 7243 4636 11405 
1 3 11405 11422 11437 
2 12 525 3494 11454 488 458 3452 6451 11561 11546 9419 11422 11437 
2 12 11437 11422 11405 3399 429 3767 10148 6420 3421 4492 12385 6474 
2 6 9417 6445 3421 4492 12385 6474 
2 8 3734 735 6768 3752 765 6783 11559 9417 
1 3 719 3760 3734 
1 5 6701 3668 3682 14075 3672 
2 8 7661 14047 14053 7495 14063 4458 7624 6701 
2 6 3653 6730 3656 14069 6671 1599 
1 12 1599 12309 14057 14051 11674 14034 14035 1530 4614 14037 1536 7661 
2 14 9417 585 9744 3765 6781 9726 748 11696 11678 731 6718 6733 14076 3672 
2 2 413 3527 
2 11 3527 11475 11412 6591 3540 3519 9488 11450 11418 12340 9417 
2 8 418 12108 10264 3531 6530 10275 4638 6474 
2 7 3527 9552 9489 11439 3409 9556 418 
1 7 3580 558 3492 9449 6481 9556 418 
1 5 418 12179 1371 3557 11504 
2 9 525 582 9543 11530 9491 6495 6507 12121 11504 
2 3 11557 13794 525 
2 7 9288 546 3568 6532 11557 13794 525 
2 10 3335 3306 288 3225 9566 9477 6508 11489 6458 11557 
2 12 3335 6411 9384 9411 11242 9366 3236 382 3263 6348 6414 6380 
2 4 3580 9260 9328 9355 
2 6 9355 11368 11242 3292 6315 6262 
2 7 6262 6333 9395 9282 9348 6414 6380 
2 3 413 6341 6398 
2 4 6398 6230 6279 3356 
2 9 6380 9378 301 3290 11330 350 11379 11248 3356 
2 6 3578 3426 9460 433 11408 9422 
2 7 6398 6369 9339 9312 11436 471 9422 
2 6 121 252 6356 9278 9378 6380 
2 7 121 9122 11099 2 9168 2996 9131 
2 4 9197 70 11174 3140 
2 10 3140 6131 11093 93 11131 3085 129 3124 11213 9131 
2 13 11375 6299 6295 6392 3268 3370 280 378 6316 11362 301 9378 6380 
2 3 11344 3303 11375 
2 12 11344 9407 6410 6362 3339 214 11217 9235 3290 301 9378 6380 
2 9 9422 313 3332 6353 6382 9380 9409 11269 9258 
2 6 11344 11394 9344 11262 9286 9258 
2 9 11344 11277 3352 6374 6253 9373 11356 11243 6338 
2 10 11225 9243 6275 6226 6302 3276 286 3317 324 9258 
2 8 11225 11348 393 3357 3330 6515 9420 12128 
2 8 11225 11377 11256 3265 4324 4283 1305 1278 
2 6 1278 12117 10142 10329 12157 9292 
2 5 9292 1233 12287 10133 1821 
2 7 12128 3563 4322 1254 4294 7370 10253 
2 7 6338 260 9336 3251 3300 6388 6278 
2 11 6278 7403 206 1380 10286 10314 361 3280 7320 10133 1821 
2 7 7375 11228 237 3280 7320 10133 1821 
2 10 7375 11352 7346 12203 9293 370 3027 3139 272 6124 
2 13 9131 2996 11143 143 3135 9200 11075 73 3066 3103 6089 9214 6124 
1 5 12333 10510 12359 1593 7477 
2 5 3951 6808 9806 11784 11747 
1 4 11829 11811 6871 3951 
2 5 3951 11831 3856 6945 9878 
1 5 9878 784 3788 940 6807 
1 5 11746 11810 9830 9763 6807 
2 5 1821 9553 1543 10189 4824 
2 3 9292 1327 1292 
1 4 399 13905 13906 3277 
1 7 6364 13908 13907 3277 13899 13895 3325 
1 5 11366 332 13897 13902 399 
2 8 1292 1775 1294 12521 4780 7800 1709 10696 
2 8 4824 7846 7774 3472 10600 12652 4700 10696 
2 6 10696 12679 1733 1860 7825 7274 
2 6 1459 10488 11687 7682 7501 1554 
2 6 1554 7501 7682 11687 10488 1459 
1 8 12333 7491 7560 4482 10742 1632 1573 1554 
2 8 7274 4866 7757 12631 7886 10712 10639 12691 
1 8 12691 12621 1876 1813 10549 10661 12540 4797 
2 10 4797 1762 4837 10528 4766 12507 7860 10683 7786 4677 
2 11 12189 10466 11643 6686 664 6684 3787 6838 6989 6961 957 
2 6 7642 4434 4621 1425 4406 7381 
1 5 7642 10135 12293 4390 4608 
2 5 12299 4424 7427 4412 10297 
2 18 10297 1376 12215 7342 1291 12144 7236 4371 1337 4312 12201 1281 1308 4388 12220 12122 1427 7408 
2 9 7408 10250 10221 12173 10411 7572 7353 7492 1488 
1 4 1330 12127 4336 1403 
2 4 1330 10154 10283 10344 
2 7 1330 12127 1417 12256 4626 4585 1492 
1 5 1492 7469 12464 1082 4425 
1 2 1185 4075 
1 8 4075 12075 10075 12319 1522 4501 7446 1319 
3 2 1182 9998 
2 3 9998 7157 7087 
2 3 7087 12097 10125 
2 2 7072 11960 
2 5 10125 7187 4172 4142 11960 
2 3 7072 12031 7212 
2 3 7212 11946 1092 
2 3 1092 10052 11985 
2 2 11960 1136 
1 2 7072 1136 
2 8 1136 9985 10055 1167 7145 1191 7050 11985 
2 2 1025 7110 
1 2 7110 9950 
2 6 4102 1183 12006 11925 4164 7110 
1 2 11985 1025 
2 5 11960 4142 4172 7102 10032 
2 7 1182 4188 4100 7016 4118 1024 7169 
2 4 7169 12056 3848 6994 
2 6 1117 11930 4067 1063 9865 6994 
2 2 12007 1117 
1 3 12007 10128 10032 
2 5 10125 7187 10015 11989 12007 
2 5 1182 1097 11908 11989 12007 
2 3 3962 7532 10444 
1 3 10444 10512 12421 
1 3 6994 9859 3962 
4 4 4056 4086 1081 11977 
2 4 11948 10110 4126 11977 
4 4 11977 7204 7221 7125 
2 5 7125 9981 848 10083 6928 
4 6 4052 10065 7155 4107 12040 7125 
4 5 4052 9790 912 11835 6981 
4 7 6981 3970 3839 3895 9885 987 11771 
2 5 964 11764 9781 987 11771 
1 4 964 3783 6851 1150 
2 3 9843 11761 10068 
4 10 11771 6951 11815 9835 6837 11886 3900 1052 12043 10068 
1 6 10068 9969 11996 11980 7189 1069 
2 5 9843 4140 12026 7109 4190 
1 5 1069 12045 4071 7089 10000 
2 4 1519 4538 12062 4190 
1 3 9843 9776 952 
2 4 1069 4037 10043 7025 
1 9 11913 1146 10008 7094 11916 10040 9995 7085 7025 
1 3 7014 12052 10076 
1 3 10076 11982 11913 
1 4 7014 12076 4042 7191 
1 5 9974 7058 1096 11991 7191 
2 7 4190 1188 1169 4144 1139 9958 10364 
2 7 10364 12012 7568 7580 9934 7167 4619 
1 4 4619 4631 9999 7097 
1 3 3992 7653 1628 
1 3 10062 7108 1047 
1 6 10364 4066 7656 10098 4010 7025 
2 5 12068 1091 11959 7214 7186 
1 4 1047 12095 1120 9970 
1 3 9991 12010 11968 
1 5 11968 9993 12423 1497 12366 
1 7 4245 10077 4644 7662 7565 10389 12338 
1 8 4245 10077 1609 4616 10443 10389 10349 7455 
2 7 4245 10077 4644 7593 7537 4544 4516 
1 6 4245 4062 7220 1444 12035 12307 
1 5 4245 4062 4104 1101 10060 
1 5 10060 10116 12462 11978 10001 
1 5 10001 10255 4237 1228 7340 
1 5 7340 4280 12114 4472 8087 
1 7 7340 4321 1430 10152 12180 7297 10278 
1 5 10246 1268 7436 7297 10278 
1 4 7265 10274 8067 10246 
1 5 8011 8067 7436 7297 10278 
1 9 1321 1238 4416 7402 4327 1409 10274 8067 10246 
1 8 7447 12247 12275 7363 8067 7436 7297 10278 
1 4 7244 10190 7391 7447 
1 4 4278 10208 8100 8011 
1 4 8011 8100 4414 10756 
1 4 10756 10259 5104 8087 
1 6 10278 7297 12180 7310 12779 10756 
1 4 10756 10259 5104 1359 
1 3 1359 5104 8087 
1 6 1359 12142 4353 12182 12269 1349 
1 8 4278 12105 7250 12295 10210 12182 12269 1349 
1 6 9975 11952 7150 4187 7013 1349 
1 5 4516 1569 2005 7938 5040 
1 3 5040 5055 12137 
1 4 5040 4045 2036 12137 
1 3 4516 10751 9973 
1 4 9973 4299 1377 12137 
3 4 12137 5086 10794 2086 
2 6 2086 2032 10729 12822 12005 10887 
1 7 2086 12868 2002 10772 10066 9084 10887 
1 3 10887 9084 8007 
1 3 3456 10108 4110 
1 3 4110 7084 10735 
1 3 10735 8098 5105 
1 4 10735 1971 10898 8007 
1 4 10887 4979 8022 12763 
1 4 9975 1144 7207 4132 
1 9 4245 4062 7220 1059 1538 10428 9946 7574 10401 
1 5 10401 12420 4557 4883 10030 
1 5 10030 7430 7060 7013 1349 
1 6 10030 4950 11995 4953 5096 5040 
1 3 7260 7344 10201 
1 4 5105 8013 12761 5075 
1 7 5005 7953 1922 2065 1982 10922 10837 
1 4 7602 10385 10768 10837 
1 4 2089 13737 13721 8001 
1 6 8001 13734 10876 13729 12046 2097 
1 13 13737 13721 8001 13734 10876 13729 12046 2097 13733 3795 1600 10804 10106 
2 5 11746 806 3889 13744 12473 
1 9 12473 7140 13257 1056 13256 13255 12442 4550 4111 
1 4 792 13252 4550 4111 
1 3 4206 1201 1065 
1 5 1065 7170 1074 4550 4111 
1 2 1086 4206 
1 5 11976 4115 4017 10089 7151 
1 3 1074 4550 4111 
1 4 1065 7170 7001 7151 
1 7 12049 1155 11979 4161 4088 13727 4206 
1 2 12049 4073 
1 3 7011 13246 4073 
1 6 11976 12455 2027 10835 7934 12758 
1 2 11829 9833 
2 4 4345 4417 10320 7433 
2 10 7433 1284 12291 4362 7379 4432 1424 7304 7644 7361 
2 8 4345 4417 10320 10174 12221 1282 4342 4285 
3 3 4345 4270 3778 
2 8 3775 6797 9580 11567 3605 6625 4270 4345 
2 15 3775 3763 11695 722 9711 9724 11669 6769 9684 11685 11641 9654 4437 9682 9450 
3 6 3778 3635 3661 9634 6676 6510 
2 13 6510 9467 12278 12582 602 777 10718 4775 7899 1769 4875 4426 4872 
2 12 6510 9480 1299 4869 1782 10718 7794 13094 11571 4875 4426 4872 
2 3 4739 10611 12603 
2 5 4739 9669 6726 515 3010 
2 10 4872 4790 12145 1848 12603 12593 12663 3481 9669 4739 
2 5 4872 4790 12145 1848 12603 
2 5 7787 515 6726 9669 4739 
1 4 1408 4428 4413 7753 
1 8 7753 7677 12578 7820 4765 3706 7787 3010 
2 4 7315 10157 4428 1408 
3 3 7315 12214 10327 
2 5 7315 7386 10271 10183 12211 
2 2 12603 4759 
2 4 4759 10709 1752 3719 
4 4 3719 10618 6752 1866 
2 2 9450 12357 
2 8 12357 9657 926 1760 10526 3699 1719 1866 
2 6 1866 4807 4664 10341 12456 12357 
2 9 9450 12368 6737 11589 1560 10341 4664 4807 1866 
1 9 6710 11656 691 695 11641 9654 4437 9682 9450 
2 7 6710 9724 9711 722 11695 749 11654 
2 7 9450 9682 4437 9654 11637 11791 689 
2 4 689 3685 9825 6890 
2 7 6890 882 3687 4695 7185 6707 11654 
2 3 6732 3906 9832 
2 14 3878 13302 6911 13311 4343 3806 11665 3769 4877 11440 1788 11662 7345 4345 
2 6 3878 9847 6909 11830 13304 9832 
2 2 3878 6882 
2 5 6845 6869 3863 11782 6882 
2 7 6845 6899 11680 3824 6892 6984 3957 
3 2 6984 3957 
2 4 3957 873 6846 10412 
2 8 11800 880 12405 6872 6885 11785 6705 6845 
2 6 6855 827 9808 4442 3687 11800 
2 12 9450 9682 4437 9654 11637 11791 689 3685 9825 4442 3687 11800 
2 6 1595 10448 4527 4601 9775 6855 
2 3 4527 10448 1595 
2 14 3957 6929 6823 9923 801 3975 6850 7528 9760 9775 4601 4527 10448 1595 
2 7 9616 12553 7865 12183 4328 3513 12211 
2 8 1866 9880 7536 12577 12646 10666 9892 12586 
2 9 9450 12312 11589 10478 7306 7458 1770 9892 12586 
2 6 12586 7852 3855 3613 4760 4723 
2 9 9450 12368 6737 10393 7539 1586 1678 9892 12586 
1 6 1595 12437 4531 4437 9682 9450 
2 19 11654 3498 734 6728 3733 7858 1347 3702 4385 6717 13075 9693 1763 3806 4343 13311 6911 13302 3878 
2 4 6696 1881 10448 1595 
2 4 6696 12709 12568 9727 
2 3 4527 1445 9727 
2 4 1572 12381 1480 11975 
2 9 1572 12439 866 13642 10489 13639 9834 13636 1843 
2 4 1572 13643 13644 7388 
2 8 1572 13645 12353 1433 12470 12498 7583 12384 
2 4 492 4756 7422 12735 
1 5 12384 7583 12498 860 492 
2 4 7480 10520 11942 492 
2 3 7552 7524 4464 
2 3 7552 1453 10449 
2 5 7552 7524 4650 4565 1528 
2 7 3960 9829 6968 12401 7555 7599 10449 
2 4 3960 10861 10504 10337 
2 6 10337 1500 12313 4507 4535 7552 
2 5 10337 12410 4884 2042 6785 
2 4 10337 12341 1927 12782 
2 5 3960 7981 5022 1927 12782 
2 3 6785 12369 5015 
1 3 5015 10769 12835 
3 5 12782 6987 5061 2060 12835 
1 2 8097 10740 
2 3 12835 7973 8003 
2 3 8003 10916 10830 
2 3 10830 12745 8097 
2 6 12782 2019 12728 5038 10894 10740 
2 4 5021 2083 12721 12835 
2 3 1965 2011 4956 
1 2 4956 5021 
1 5 4956 2083 1952 12721 12835 
1 2 4956 10172 
1 4 1965 2011 2008 10172 
1 4 10172 12804 10853 8003 
1 4 1965 12755 4887 13089 
2 2 3834 853 
2 5 3834 7920 5044 12791 10740 
2 4 4908 4977 1945 8057 
2 5 13089 12746 12873 10895 8057 
1 3 8032 2051 13089 
2 4 12753 8236 10773 12810 
1 2 12753 10886 
2 3 3960 9829 5001 
2 6 5001 7485 12458 12489 4444 1646 
2 3 7202 1547 11975 
1 3 788 11738 10412 
2 4 7202 7012 4491 7138 
2 7 7138 4491 7527 1485 10394 638 12384 
1 9 7202 10047 11927 10051 12054 11783 6943 9876 788 
1 5 1132 4168 6943 9876 788 
1 4 7138 7083 12054 1132 
1 7 7138 10081 7045 11783 6943 11738 10412 
1 3 4464 7668 7480 
1 5 3957 951 11873 10343 7646 
1 6 9727 7547 6971 7588 4627 7646 
1 3 9727 1582 913 
1 7 7622 10498 7451 10374 4476 7546 1550 
2 3 8252 5051 12798 
1 3 10909 10657 913 
2 4 12384 9996 968 10909 
1 4 10909 5059 12803 12735 
2 5 12501 10824 5059 12803 12735 
2 4 7797 10615 10824 12501 
1 2 1646 7797 
2 6 7797 10615 10824 5059 12803 12735 
2 7 1646 4510 1587 7640 10410 4650 10449 
2 5 12501 12670 6974 10727 6696 
2 6 1595 12437 1604 7626 12305 4569 
2 7 4569 12305 10457 12497 7611 9682 9450 
1 4 4569 1621 12361 10717 
1 3 10717 1564 1534 
1 5 4569 12346 12463 10370 1534 
2 6 4569 4449 4540 4625 1646 7797 
2 17 6464 506 13395 3586 11428 9508 13409 13414 13421 13420 13426 243 279 13437 3324 13450 362 
2 7 3324 14349 13428 3230 13414 13409 9508 
1 4 362 13450 3324 14349 
2 10 9450 12368 6737 10339 1527 4590 7449 7607 12361 10717 
1 7 1866 9880 1867 12667 12620 3750 1747 
2 8 4860 12585 1851 12651 1815 10711 4794 4723 
1 3 4860 10593 10624 
2 4 3513 4328 7398 4274 
2 5 3588 6665 3471 10151 4274 
2 5 4274 10151 3471 6665 3588 
3 4 9713 9697 6772 3588 
2 4 9671 3677 6699 9713 
3 5 9713 6699 6694 6876 4518 
2 7 4518 9911 941 11876 9855 10387 10483 
1 4 9814 7667 10483 10387 
1 5 1562 7517 11757 4816 9814 
1 3 1562 12374 7986 
2 3 7986 8115 853 
1 4 10387 12303 4727 7986 
2 6 10327 12673 12124 12676 7779 4860 
2 11 4860 12572 4857 7880 1767 6722 12566 1836 4772 1752 3719 
2 4 10624 4863 7883 4759 
2 8 10624 10593 1857 1854 12676 12124 1690 10327 
2 5 10717 7834 1352 7892 4740 
2 4 1534 9802 4811 4740 
2 3 1534 2043 1806 
2 6 3960 2082 8025 5103 1618 1806 
1 3 1806 7904 10798 
1 3 10798 11802 4740 
2 5 3960 9920 5085 3875 3972 
2 3 10798 10702 3972 
2 5 4740 11802 7762 2055 3972 
2 2 3972 9908 
2 5 9908 12624 4586 10340 4740 
2 6 9908 12893 10867 8070 3867 10740 
2 4 10740 12791 3883 4975 
2 3 4975 10642 12627 
2 5 4740 10340 4586 1738 12627 
2 3 12627 10588 1827 
2 10 10717 7834 4757 12513 1753 10532 4871 12570 12642 1827 
2 9 10717 7834 1352 7892 12024 4814 4586 1738 12627 
2 3 1827 7780 4723 
1 2 11814 853 
1 4 11814 4799 4657 10387 
1 3 10573 11763 4518 
1 3 10645 12552 4975 
1 5 10573 7821 9637 3677 9671 
1 7 4865 10662 4742 7764 7999 9792 12627 
2 8 4865 10651 12573 12699 850 4799 4657 10387 
3 7 4865 10651 7756 12399 4607 1432 9713 
2 3 4865 10582 12535 
2 4 12535 1789 10556 9616 
2 5 12535 7688 10711 4794 4723 
1 4 1814 4804 12617 12604 
2 8 1814 4804 12617 7783 1713 7887 1565 4543 
1 4 1814 4804 7692 1801 
2 4 2197 5195 2203 2211 
2 6 7798 4776 12932 12924 7567 12910 
2 9 7798 12576 7755 1667 1861 7859 4673 4864 12406 
2 10 7564 7535 7522 4481 12308 7651 10487 10460 4560 7566 
1 4 1454 12104 1431 7669 
1 5 7621 4573 1555 12379 12364 
1 5 12364 10402 12394 12409 1639 
1 4 12364 10402 12394 10418 
1 7 12364 12351 10390 8208 5184 12970 8215 
1 3 8215 10992 650 
1 2 650 8222 
1 4 650 5191 8194 5228 
1 4 5228 11000 5171 12994 
1 3 12994 8217 5131 
1 4 650 8229 8251 5121 
1 4 1639 12494 12998 10935 
1 3 12364 12351 7500 
1 3 7500 10985 12942 
1 5 8187 10943 12453 10515 12364 
1 4 8187 8238 2173 2152 
1 5 10362 12496 1613 1626 4604 
1 6 7500 5163 10975 8255 5143 8216 
1 3 5131 2174 12930 
1 6 8216 10965 2224 5229 10987 12930 
1 3 12930 8157 5230 
1 3 5230 13195 13086 
1 2 2210 2182 
1 3 4604 4589 10447 
2 8 4604 4589 7594 1542 1529 5156 4533 8181 
1 4 8181 7553 10947 10513 
1 2 10513 5112 
1 4 10513 10432 5172 10980 
1 5 10999 2153 12996 8190 10980 
2 5 7476 8148 12334 8190 10980 
2 9 8189 10959 2181 12937 11003 5186 12972 10947 10513 
1 6 10513 10947 12972 5186 7636 12977 
1 2 10946 8143 
1 4 10998 5182 10967 5168 
1 2 5168 2227 
2 3 4696 12547 12589 
1 2 2229 10963 
2 4 10963 7605 5203 1509 
2 2 1509 10697 
2 3 10697 4822 4696 
1 5 1468 1494 12064 14122 10400 
1 2 2213 10400 
1 2 7576 1468 
1 2 4696 1833 
1 4 8245 10566 14124 10400 
3 2 10697 5231 
3 6 10400 14122 12064 14118 14116 5231 
2 2 10963 4879 
2 4 10929 2216 13919 2120 
2 9 10929 2216 13921 14127 4851 13918 5217 10525 8214 
1 3 8214 10668 5231 
1 3 5199 2216 10929 
1 4 5199 12504 13922 191 
1 9 8214 10525 5217 13918 4851 14127 13921 2216 5199 
1 4 10968 13927 12925 5117 
1 6 2196 8183 8205 12911 8144 10932 
1 2 1939 5160 
1 4 5210 5196 14144 1939 
2 4 7011 13248 10073 13249 
2 4 4076 7164 13248 7011 
2 3 7011 13248 3996 
2 4 3996 4055 1068 10031 
2 4 10031 7144 11974 12044 
2 5 11999 1064 12071 1151 12044 
2 5 8105 10745 13715 4963 13714 
2 2 2046 13714 
1 2 12725 2046 
2 4 2046 13714 12826 12806 
2 4 11921 7162 10091 11969 
2 2 9994 11969 
2 2 12051 7081 
2 5 7081 1160 4163 9994 11969 
2 7 12051 10078 4046 7166 4146 11939 1145 
2 5 1145 9964 1013 11923 7132 
1 2 7132 4116 
2 7 7100 11987 4097 13984 13986 4116 7132 
1 7 9945 10113 13993 1194 13987 10070 7100 
2 4 7069 13981 10070 7100 
2 5 7069 13976 4139 13970 4108 
1 5 8124 7980 10775 12856 5010 
1 6 2012 8015 12710 13961 13957 4948 
1 6 4972 1969 2025 12900 12731 2050 
2 5 9570 6595 6512 13390 11467 
2 8 3458 13400 6416 13396 11430 13387 548 9427 
1 4 3544 13410 6511 3458 
2 4 9817 11673 13300 6734 
2 5 9347 9320 14199 11305 321 
1 9 321 11305 14358 9294 11219 13882 11359 13379 3522 
1 9 9347 9320 14354 9294 11219 13882 11359 13379 3522 
2 7 2086 2054 1908 4984 10847 1980 4110 
2 7 2086 2054 1908 4149 12886 1103 9975 
2 10 5040 7938 10332 10471 1637 12452 7593 4644 4204 4245 
1 8 3108 9154 6129 11049 3111 11118 9139 3022 
2 9 11542 14695 14680 569 3569 14670 6562 14671 6590 
1 5 3569 14670 6562 14671 6590 
1 5 11666 14657 557 14670 3569 
2 5 11542 14695 14680 569 3569 
2 3 1965 8089 12810 
2 4 4908 10765 8012 3834 
2 4 12406 4864 4673 7859 
1 7 12406 7520 7450 1611 10458 10445 7564 
2 3 12910 7567 8186 
1 12 12406 4864 4673 7859 1861 1667 5161 2146 2130 12918 7567 8186 
1 36 8186 2219 8220 10473 5183 10949 8200 10997 1526 10969 12926 5197 5211 7623 12906 12948 8206 2191 2205 12976 12962 10983 2157 12990 11011 7608 12915 8130 10979 12936 2139 8243 7453 10937 8228 1652 
1 9 6928 3981 3852 6922 959 6822 898 6944 9897 
1 10 10433 9782 10503 12482 11906 6811 810 3977 11879 957 
1 8 9897 973 9766 6811 810 3977 11879 957 
1 8 4572 7663 11864 9913 9928 11893 6964 9897 
2 5 11771 11808 916 4642 4572 
1 4 4572 4503 7652 10433 
2 3 10433 7582 4506 
2 9 4506 12485 4876 10638 13150 4745 7743 4719 4677 
2 8 4506 4561 4633 930 9831 846 11808 11771 
2 7 4725 10655 7801 12678 12261 4805 12189 
1 9 4725 7763 12657 10678 7851 12543 10559 7725 4677 
1 5 4506 1588 12618 7832 4725 
2 12 11666 704 14656 6552 11525 9541 14674 6592 14686 6418 14708 3585 
3 4 11542 6440 14708 3585 
2 6 3585 6470 14707 11404 14700 11544 
2 3 9315 6318 6384 
2 6 351 11270 9332 9379 11471 9315 
1 3 12034 9976 12051 
2 6 516 3516 9444 9418 13468 6583 
2 6 516 9536 3516 13481 13472 13011 
1 7 3529 9504 533 9516 6544 11476 3519 
1 8 11408 9564 3539 11485 9436 3582 9504 3529 
1 4 11752 7674 1489 952 
1 5 4112 7130 6992 11796 9878 
1 7 4112 11848 928 9921 9799 11778 6912 
1 5 9921 11898 3856 11831 3951 
1 5 11747 9901 9844 6920 6938 
1 5 9777 3903 3935 9915 11881 
1 4 3870 921 6977 9777 
1 6 11747 9901 804 9861 3807 3870 
1 5 3889 9893 6813 9912 7620 
1 5 10472 14050 14039 6991 11853 
1 3 1052 900 6969 
1 3 6969 3955 952 
1 3 7101 10517 7097 
1 4 3992 4083 7172 7199 
1 5 3707 13592 723 13590 6747 
1 5 12991 10928 2063 4995 10775 
1 3 560 11503 6435 
1 3 3707 11686 754 
1 10 741 754 9576 3757 13618 13603 3403 574 6451 3452 
1 4 6344 9371 9396 11230 
1 6 3122 11065 3172 66 195 11121 
1 5 9206 11162 3050 6150 3187 
1 12 3187 3030 9061 3068 9169 193 6146 11079 9233 9106 6212 11121 
1 5 141 6078 9104 3125 6146 
1 4 9056 11033 3119 6138 
1 9 9108 6165 6125 9147 11125 11164 11081 158 11121 
1 7 9753 11706 6758 3726 700 3668 6701 
1 9 9753 6620 11429 9455 6486 6516 520 11474 3529 
1 6 10364 1004 1603 5092 7406 7418 
1 10 10137 10309 4379 1302 7280 12297 4397 10016 11936 1185 
1 6 4401 12232 10232 12204 1285 10162 
