
state={
	id=436
	name="STATE_436"
	resources={
		chromium=4.000
	}

	history={
		owner = RAJ
		buildings = {
			infrastructure = 2
			industrial_complex = 1

		}

	}

	provinces={
		1510 1569 1622 1637 1949 2005 2036 2092 2105 4045 4072 4106 4353 4395 4410 4557 4883 4950 4953 5040 5063 5096 7013 7060 7177 7205 7232 7430 7465 7497 7574 7593 7619 7938 8076 8120 10019 10030 10171 10210 10311 10332 10358 10401 10471 10801 10807 10816 10872 11993 11995 12035 12080 12142 12182 12226 12269 12307 12375 12420 12452 12480 12490 12781 12799 12854 
	}
	manpower=75000000
	buildings_max_level_factor=1.000
	state_category=pastoral
	local_supplies=0.000
}
